>DOJHLOP01B3GME length=60
31 11 18 20 11 19 18 15 12 30 31 27 25 31 27 29 28 18 32 32 31 27 29 31 29 31 30 31 27 30 25 31 28 32 32 32 31 31 31 24 17 31 29 29 28 17 30 24 27 26 13 30 28 28 16 30 28 29 26 30
>DOJHLOP02FUKOC length=60
26 32 25 31 30 32 31 27 29 32 27 21 29 30 24 29 31 32 27 30 18 31 28 21 31 30 23 23 21 13 27 26 12 29 24 28 22 31 28 32 31 32 32 22 32 28 30 28 30 31 26 29 28 32 30 31 30 22 28 27
>DOJHLOP02HHNZD length=60
32 23 29 24 30 25 22 32 31 32 30 25 27 26 19 26 24 30 25 31 30 24 21 26 23 25 31 30 25 25 31 27 17 32 22 22 20 14 3 25 24 8 31 27 31 27 22 31 29 32 27 19 28 30 32 24 29 26 26 20
>DOJHLOP02I6MO4 length=60
32 30 32 31 26 30 29 32 29 28 17 32 25 18 31 31 32 31 32 27 32 29 28 16 30 32 32 32 30 29 31 27 31 32 29 23 32 28 28 18 31 28 27 21 32 32 29 27 30 30 31 29 29 26 30 32 28 27 25 31
>DOJHLOP01CAI84 length=60
31 30 25 30 27 24 31 31 31 32 32 31 30 24 27 21 31 27 32 31 30 25 25 28 31 25 24 8 30 19 9 26 31 32 28 31 22 26 27 27 13 31 30 32 30 28 32 31 27 32 31 30 26 32 27 26 13 30 29 22
>DOJHLOP01EHJIL length=60
32 30 31 25 25 21 8 24 17 29 27 31 31 26 30 29 32 30 31 27 32 30 26 32 32 31 32 31 28 25 25 21 8 29 32 32 31 27 31 31 31 32 31 32 29 31 30 32 31 29 24 30 26 29 30 30 25 31 31 29
>DOJHLOP01C1SGE length=60
29 28 23 30 28 29 23 30 31 24 23 6 32 25 18 31 30 27 21 28 31 31 31 28 26 23 22 3 31 32 31 25 31 31 23 20 10 29 24 23 5 30 28 31 31 27 27 28 30 26 24 17 31 30 31 21 26 32 30 31