>sekwencja1 length=33
38 35 39 33 29 28 29 29 29 16 38 28 12 37 26 25 33 30 20 23 26 10 40 21 21 16 34 34 10 16 29 39 21
>sekwencja2 length=34
16 30 14 30 40 26 34 36 34 27 36 18 23 15 15 38 13 39 31 32 35 35 11 13 11 31 14 10 11 39 34 34 26 17
>sekwencja3 length=27
38 28 21 30 20 22 36 12 21 36 26 36 24 36 33 15 29 37 16 11 19 38 20 10 32 12 24
>sekwencja4 length=31
25 13 16 26 16 24 28 13 26 21 37 11 30 13 31 19 11 36 26 33 31 16 21 40 23 29 29 30 29 25 17
>sekwencja5 length=32
13 25 25 35 33 23 15 24 28 14 37 32 30 11 23 16 31 20 15 35 20 40 39 21 22 12 32 27 14 33 33 32
>sekwencja6 length=33
22 30 11 32 25 19 21 26 11 13 17 33 14 23 39 37 37 12 22 16 30 19 13 23 19 21 11 21 15 23 37 33 40
>sekwencja7 length=30
28 19 17 20 25 16 23 36 15 24 33 20 11 35 25 27 36 20 28 11 33 32 20 14 16 30 25 18 22 16