>DOJHLOP02IZPQQ length=62
17 18 12 32 17 32 26 23 17 32 31 27 20 31 30 17 31 27 26 18 26 20 17 20 9 28 31 27 22 24 31 31 27 27 26 18 29 24 26 27 24 31 27 31 28 25 18 29 25 18 30 23 22 21 13 1 25 29 26 17
18 5
>DOJHLOP02G02S7 length=60
25 31 28 30 31 26 28 21 30 24 30 31 27 31 26 32 29 23 32 30 27 31 24 24 19 4 29 28 22 28 31 29 32 28 21 29 23 24 30 25 28 28 16 30 25 28 23 14 31 27 29 31 26 32 31 27 25 25 21 9
>DOJHLOP01D43L6 length=57
31 28 31 28 28 31 29 28 18 32 22 29 28 18 31 31 29 28 18 31 30 26 24 24 21 12 31 30 31 31 31 28 31 31 31 28 31 28 32 32 31 27 29 28 17 31 31 28 28 16 29 24 32 32 29 31 28
>DOJHLOP01CTPH0 length=59
26 25 10 31 31 27 31 28 26 31 29 28 17 32 26 29 28 18 32 31 29 28 18 32 28 23 25 25 22 11 32 29 31 32 31 28 32 32 31 28 31 28 32 31 31 27 27 26 13 30 31 29 28 18 30 26 32 31 30
>DOJHLOP02F1H2I length=60
25 25 21 9 30 32 31 30 31 26 30 31 31 26 31 30 25 32 32 31 31 27 32 32 31 27 32 28 28 16 32 31 27 30 26 32 31 29 28 18 32 29 29 28 17 28 28 29 28 18 31 29 23 26 25 22 11 32 28 25
>DOJHLOP01EEFID length=55
28 30 25 29 26 31 11 10 10 10 9 7 5 2 31 27 31 16 30 26 31 31 31 27 30 29 23 29 30 30 23 16 32 31 30 26 29 27 27 13 32 30 25 30 26 29 26 27 27 19 30 26 26 26 18
>DOJHLOP02F5WNX length=60
31 31 27 30 30 31 28 26 25 22 11 30 25 31 27 26 12 27 31 29 28 18 32 30 26 25 9 29 26 27 20 28 22 30 26 26 11 32 28 21 22 32 28 22 32 30 32 31 27 30 29 23 28 31 30 24 31 31 23 15