>sekwencja1 length=25
31 40 31 21 21 26 26 31 38 32 24 20 21 11 20 14 13 10 24 28 16 38 13 38 30
>sekwencja2 length=28
35 11 25 23 34 36 35 21 27 18 40 27 38 14 27 14 38 35 11 20 29 37 28 34 26 35 40 36
>sekwencja3 length=31
26 23 12 19 33 25 25 33 34 34 20 19 39 18 27 26 31 15 27 23 10 28 32 26 31 10 29 36 40 19 17
>sekwencja4 length=25
13 18 29 20 38 21 29 24 22 26 18 13 19 16 27 10 32 28 32 22 13 30 18 21 40
>sekwencja5 length=32
34 14 33 14 18 22 13 17 22 15 32 31 29 14 15 28 38 23 40 25 14 20 35 30 40 28 39 32 23 37 39 33
>sekwencja6 length=33
39 31 10 28 17 18 34 26 37 11 10 19 26 31 21 11 26 19 37 14 35 14 17 33 26 29 16 10 38 24 11 10 24
>sekwencja7 length=33
10 15 16 26 20 12 11 36 29 35 14 19 21 29 29 37 36 10 21 33 23 26 10 34 26 25 18 24 24 15 23 34 37