>sekwencja1 length=34
22 35 30 13 40 19 16 10 19 38 37 20 33 10 10 29 16 37 30 32 16 31 19 20 13 12 10 16 38 22 28 30 40 30
>sekwencja2 length=34
17 36 11 13 11 32 39 27 26 39 35 34 40 20 38 13 30 26 32 40 23 28 13 18 23 37 26 22 29 24 23 19 36 38
>sekwencja3 length=25
14 23 35 26 37 20 36 37 22 16 15 29 15 35 37 36 17 24 28 36 23 40 39 33 31
>sekwencja4 length=32
11 31 11 35 40 12 32 37 40 27 11 17 32 30 35 30 10 26 16 39 15 40 38 39 26 23 20 23 10 39 40 20
>sekwencja5 length=30
13 35 38 28 33 38 12 10 28 25 21 24 29 20 31 38 31 32 10 28 16 38 30 16 31 33 25 27 26 26
>sekwencja6 length=25
12 21 38 33 25 19 17 12 29 11 17 20 37 32 25 32 19 19 33 34 23 38 29 10 35
>sekwencja7 length=33
36 40 36 19 19 40 12 10 15 35 37 36 25 26 14 37 11 16 24 30 23 34 30 11 25 34 16 29 11 27 34 14 17